0.999970507446 0.75
0.999970507446 0.7501
0.999970507446 0.7502
0.999970507446 0.7503
0.999970507446 0.7504
0.999970507446 0.7505
0.999970507446 0.7506
0.999970507446 0.7507
0.999970507446 0.7508
0.999970507446 0.7509
0.999970507446 0.751
0.999970507446 0.7511
0.999970507446 0.7512
0.999970507446 0.7513
0.999970507446 0.7514
0.999970507446 0.7515
0.999970507446 0.7516
0.999970507446 0.7517
0.999970507446 0.7518
0.999970507446 0.7519
0.999970507446 0.752
0.999970507446 0.7521
0.999970507446 0.7522
0.999970507446 0.7523
0.999970507446 0.7524
0.999970507446 0.7525
0.999970507446 0.7526
0.999970507446 0.7527
0.999970507446 0.7528
0.999970507446 0.7529
0.999970507446 0.753
0.999970507446 0.7531
0.999970507446 0.7532
0.999970507446 0.7533
0.999970507446 0.7534
0.999970507446 0.7535
0.999970507446 0.7536
0.999970507446 0.7537
0.999970507446 0.7538
0.999970507446 0.7539
0.999970507446 0.754
0.999970507446 0.7541
0.999970507446 0.7542
0.999970507446 0.7543
0.999970507446 0.7544
0.999970507446 0.7545
0.999970507446 0.7546
0.999970507446 0.7547
0.999970507446 0.7548
0.999970507446 0.7549
0.999970507446 0.755
0.999970507446 0.7551
0.999970507446 0.7552
0.999970507446 0.7553
0.999970507446 0.7554
0.999970507446 0.7555
0.999970507446 0.7556
0.999970507446 0.7557
0.999970507446 0.7558
0.999970507446 0.7559
0.999970507446 0.756
0.999970507446 0.7561
0.999970507446 0.7562
0.999970507446 0.7563
0.999970507446 0.7564
0.999970507446 0.7565
0.999970507446 0.7566
0.999970507446 0.7567
0.999970507446 0.7568
0.999970507446 0.7569
0.999970507446 0.757
0.999970507446 0.7571
0.999970507446 0.7572
0.999970507446 0.7573
0.999970507446 0.7574
0.999970507446 0.7575
0.999970507446 0.7576
0.999970507446 0.7577
0.999970507446 0.7578
0.999970507446 0.7579
0.999970507446 0.758
0.999970507446 0.7581
0.999970507446 0.7582
0.999970507446 0.7583
0.999970507446 0.7584
0.999970507446 0.7585
0.999970507446 0.7586
0.999970507446 0.7587
0.999970507446 0.7588
0.999970507446 0.7589
0.999970507446 0.759
0.999970507446 0.7591
0.999970507446 0.7592
0.999970507446 0.7593
0.999970507446 0.7594
0.999970507446 0.7595
0.999970507446 0.7596
0.999970507446 0.7597
0.999970507446 0.7598
0.999970507446 0.7599
0.999970507446 0.76
