4.00004118473 0.956
4.00004118473 0.956005
4.00004118473 0.95601
4.00004118473 0.956015
4.00004118473 0.95602
4.00004118473 0.956025
4.00004118473 0.95603
4.00004118473 0.956035
4.00004118473 0.95604
4.00004118473 0.956045
4.00004118473 0.95605
4.00004118473 0.956055
4.00004118473 0.95606
4.00004118473 0.956065
4.00004118473 0.95607
4.00004118473 0.956075
4.00004118473 0.95608
4.00004118473 0.956085
4.00004118473 0.95609
4.00004118473 0.956095
4.00004118473 0.9561
4.00004118473 0.956105
4.00004118473 0.95611
4.00004118473 0.956115
4.00004118473 0.95612
4.00004118473 0.956125
4.00004118473 0.95613
4.00004118473 0.956135
4.00004118473 0.95614
4.00004118473 0.956145
4.00004118473 0.95615
4.00004118473 0.956155
4.00004118473 0.95616
4.00004118473 0.956165
4.00004118473 0.95617
4.00004118473 0.956175
4.00004118473 0.95618
4.00004118473 0.956185
4.00004118473 0.95619
4.00004118473 0.956195
4.00004118473 0.9562
4.00004118473 0.956205
4.00004118473 0.95621
4.00004118473 0.956215
4.00004118473 0.95622
4.00004118473 0.956225
4.00004118473 0.95623
4.00004118473 0.956235
4.00004118473 0.95624
4.00004118473 0.956245
4.00004118473 0.95625
4.00004118473 0.956255
4.00004118473 0.95626
4.00004118473 0.956265
4.00004118473 0.95627
4.00004118473 0.956275
4.00004118473 0.95628
4.00004118473 0.956285
4.00004118473 0.95629
4.00004118473 0.956295
4.00004118473 0.9563
4.00004118473 0.956305
4.00004118473 0.95631
4.00004118473 0.956315
4.00004118473 0.95632
4.00004118473 0.956325
4.00004118473 0.95633
4.00004118473 0.956335
4.00004118473 0.95634
4.00004118473 0.956345
8.00005053847 0.95635
4.00004118473 0.956355
4.00004118473 0.95636
4.00004118473 0.956365
8.00005053847 0.95637
4.00004118473 0.956375
4.00004118473 0.95638
4.00004118473 0.956385
8.00005053847 0.95639
8.00005053847 0.956395
4.00004118473 0.9564
4.00004118473 0.956405
8.00005053847 0.95641
8.00005053847 0.956415
4.00004118473 0.95642
4.00004118473 0.956425
8.00005053847 0.95643
8.00005053847 0.956435
4.00004118473 0.95644
4.00004118473 0.956445
8.00005053847 0.95645
8.00005053847 0.956455
4.00004118473 0.95646
4.00004118473 0.956465
8.00005053847 0.95647
8.00005053847 0.956475
4.00004118473 0.95648
4.00004118473 0.956485
8.00005053847 0.95649
8.00005053847 0.956495
4.00004118473 0.9565
4.00004118473 0.956505
8.00005053847 0.95651
4.00004118473 0.956515
4.00004118473 0.95652
4.00004118473 0.956525
8.00005053847 0.95653
4.00004118473 0.956535
8.00005053847 0.95654
4.00004118473 0.956545
8.00005053847 0.95655
8.00005053847 0.956555
8.00005053847 0.95656
8.00005053847 0.956565
8.00005053847 0.95657
8.00005053847 0.956575
8.00005053847 0.95658
8.00005053847 0.956585
8.00005053847 0.95659
8.00005053847 0.956595
8.00005053847 0.9566
8.00005053847 0.956605
8.00005053847 0.95661
8.00005053847 0.956615
8.00005053847 0.95662
8.00005053847 0.956625
8.00005053847 0.95663
8.00005053847 0.956635
8.00005053847 0.95664
8.00005053847 0.956645
8.00005053847 0.95665
8.00005053847 0.956655
8.00005053847 0.95666
8.00005053847 0.956665
8.00005053847 0.95667
8.00005053847 0.956675
8.00005053847 0.95668
8.00005053847 0.956685
8.00005053847 0.95669
8.00005053847 0.956695
8.00005053847 0.9567
8.00005053847 0.956705
8.00005053847 0.95671
8.00005053847 0.956715
8.00005053847 0.95672
8.00005053847 0.956725
8.00005053847 0.95673
8.00005053847 0.956735
8.00005053847 0.95674
8.00005053847 0.956745
8.00005053847 0.95675
8.00005053847 0.956755
8.00005053847 0.95676
8.00005053847 0.956765
8.00005053847 0.95677
8.00005053847 0.956775
8.00005053847 0.95678
8.00005053847 0.956785
8.00005053847 0.95679
8.00005053847 0.956795
8.00005053847 0.9568
8.00005053847 0.956805
8.00005053847 0.95681
8.00005053847 0.956815
8.00005053847 0.95682
8.00005053847 0.956825
8.00005053847 0.95683
8.00005053847 0.956835
8.00005053847 0.95684
8.00005053847 0.956845
8.00005053847 0.95685
8.00005053847 0.956855
8.00005053847 0.95686
8.00005053847 0.956865
8.00005053847 0.95687
8.00005053847 0.956875
8.00005053847 0.95688
8.00005053847 0.956885
8.00005053847 0.95689
8.00005053847 0.956895
8.00005053847 0.9569
8.00005053847 0.956905
8.00005053847 0.95691
8.00005053847 0.956915
8.00005053847 0.95692
8.00005053847 0.956925
8.00005053847 0.95693
8.00005053847 0.956935
8.00005053847 0.95694
8.00005053847 0.956945
8.00005053847 0.95695
8.00005053847 0.956955
8.00005053847 0.95696
8.00005053847 0.956965
8.00005053847 0.95697
8.00005053847 0.956975
8.00005053847 0.95698
8.00005053847 0.956985
8.00005053847 0.95699
8.00005053847 0.956995
8.00005053847 0.957
8.00005053847 0.957005
8.00005053847 0.95701
8.00005053847 0.957015
8.00005053847 0.95702
8.00005053847 0.957025
8.00005053847 0.95703
8.00005053847 0.957035
8.00005053847 0.95704
8.00005053847 0.957045
8.00005053847 0.95705
8.00005053847 0.957055
8.00005053847 0.95706
8.00005053847 0.957065
8.00005053847 0.95707
8.00005053847 0.957075
8.00005053847 0.95708
8.00005053847 0.957085
8.00005053847 0.95709
8.00005053847 0.957095
8.00005053847 0.9571
8.00005053847 0.957105
8.00005053847 0.95711
8.00005053847 0.957115
8.00005053847 0.95712
8.00005053847 0.957125
8.00005053847 0.95713
8.00005053847 0.957135
8.00005053847 0.95714
8.00005053847 0.957145
8.00005053847 0.95715
8.00005053847 0.957155
8.00005053847 0.95716
8.00005053847 0.957165
8.00005053847 0.95717
8.00005053847 0.957175
8.00005053847 0.95718
8.00005053847 0.957185
8.00005053847 0.95719
8.00005053847 0.957195
8.00005053847 0.9572
8.00005053847 0.957205
8.00005053847 0.95721
8.00005053847 0.957215
8.00005053847 0.95722
8.00005053847 0.957225
8.00005053847 0.95723
8.00005053847 0.957235
8.00005053847 0.95724
8.00005053847 0.957245
8.00005053847 0.95725
8.00005053847 0.957255
8.00005053847 0.95726
8.00005053847 0.957265
8.00005053847 0.95727
8.00005053847 0.957275
8.00005053847 0.95728
8.00005053847 0.957285
8.00005053847 0.95729
8.00005053847 0.957295
8.00005053847 0.9573
8.00005053847 0.957305
8.00005053847 0.95731
8.00005053847 0.957315
8.00005053847 0.95732
8.00005053847 0.957325
8.00005053847 0.95733
8.00005053847 0.957335
8.00005053847 0.95734
8.00005053847 0.957345
8.00005053847 0.95735
8.00005053847 0.957355
8.00005053847 0.95736
8.00005053847 0.957365
8.00005053847 0.95737
8.00005053847 0.957375
8.00005053847 0.95738
8.00005053847 0.957385
8.00005053847 0.95739
8.00005053847 0.957395
8.00005053847 0.9574
8.00005053847 0.957405
8.00005053847 0.95741
8.00005053847 0.957415
8.00005053847 0.95742
8.00005053847 0.957425
8.00005053847 0.95743
8.00005053847 0.957435
8.00005053847 0.95744
8.00005053847 0.957445
8.00005053847 0.95745
8.00005053847 0.957455
8.00005053847 0.95746
8.00005053847 0.957465
8.00005053847 0.95747
8.00005053847 0.957475
8.00005053847 0.95748
8.00005053847 0.957485
8.00005053847 0.95749
8.00005053847 0.957495
8.00005053847 0.9575
8.00005053847 0.957505
8.00005053847 0.95751
8.00005053847 0.957515
8.00005053847 0.95752
8.00005053847 0.957525
8.00005053847 0.95753
8.00005053847 0.957535
8.00005053847 0.95754
8.00005053847 0.957545
8.00005053847 0.95755
8.00005053847 0.957555
8.00005053847 0.95756
8.00005053847 0.957565
8.00005053847 0.95757
8.00005053847 0.957575
8.00005053847 0.95758
8.00005053847 0.957585
8.00005053847 0.95759
8.00005053847 0.957595
8.00005053847 0.9576
8.00005053847 0.957605
8.00005053847 0.95761
8.00005053847 0.957615
8.00005053847 0.95762
8.00005053847 0.957625
8.00005053847 0.95763
8.00005053847 0.957635
8.00005053847 0.95764
8.00005053847 0.957645
8.00005053847 0.95765
8.00005053847 0.957655
8.00005053847 0.95766
8.00005053847 0.957665
8.00005053847 0.95767
8.00005053847 0.957675
8.00005053847 0.95768
8.00005053847 0.957685
8.00005053847 0.95769
8.00005053847 0.957695
8.00005053847 0.9577
8.00005053847 0.957705
8.00005053847 0.95771
8.00005053847 0.957715
8.00005053847 0.95772
8.00005053847 0.957725
8.00005053847 0.95773
8.00005053847 0.957735
8.00005053847 0.95774
8.00005053847 0.957745
8.00005053847 0.95775
8.00005053847 0.957755
8.00005053847 0.95776
8.00005053847 0.957765
8.00005053847 0.95777
8.00005053847 0.957775
8.00005053847 0.95778
8.00005053847 0.957785
8.00005053847 0.95779
8.00005053847 0.957795
8.00005053847 0.9578
8.00005053847 0.957805
8.00005053847 0.95781
8.00005053847 0.957815
8.00005053847 0.95782
8