Last position of orbit,   A
-0.00587547  0.          3.15434615  0.         0.75
 0.00407215  0.          3.13279425  0.         0.7525
-0.00651343  0.          3.155602    0.         0.755
 0.02320735  0.          3.09186938  0.         0.7575
-0.09978592  0.          3.35735633  0.         0.76
 0.13401559  0.          2.84963624  0.         0.7625
-0.15117532  0.          3.47188921  0.         0.765
 0.16628872  0.          2.77723574  0.         0.7675
-0.17993688  0.          3.53697875  0.         0.77
 0.19243786  0.          2.71753481  0.         0.7725
-0.20400462  0.          3.59241417  0.         0.775
 0.21479154  0.          2.66559085  0.         0.7775
-0.22491186  0.          3.64142803  0.         0.78
 0.23445446  0.          2.61908436  0.         0.7825
-0.24348919  0.          3.68575818  0.         0.785
 0.25207236  0.          2.57666867  0.         0.7875
-0.26025038  0.          3.72647183  0.         0.79
 0.26806237  0.          2.53748066  0.         0.7925
-0.27554044  0.          3.76428065  0.         0.795
 0.28271324  0.          2.50092655  0.         0.7975
-0.2896043   0.          3.79968597  0.         0.8
 0.29623523  0.          2.46657816  0.         0.8025
-0.30262416  0.          3.83305825  0.         0.805
 0.30878754  0.          2.43411272  0.         0.8075
-0.31473998  0.          3.86467947  0.         0.81
 0.32049423  0.          2.40328109  0.         0.8125
-0.32606238  0.          3.89477141  0.         0.815
 0.33145469  0.          2.37388444  0.         0.8175
-0.3366807   0.          3.92351161  0.         0.82
 0.34174933  0.          2.34576418  0.         0.8225
-0.34666845  0.          3.95104522  0.         0.825
 0.35144531  0.          2.31878763  0.         0.8275
-0.35608669  0.          3.9774919   0.         0.83
 0.36059881  0.          2.29284542  0.         0.8325
-0.3649875   0.          4.00295304  0.         0.835
 0.36925797  0.          2.26784387  0.         0.8375
-0.37341521  0.          4.02751441  0.         0.84
 0.37746401  0.          2.24370368  0.         0.8425
-0.38140837  0.          4.05125006  0.         0.845
 0.38525256  0.          2.22035696  0.         0.8475
-0.38900037  0.          4.07422347  0.         0.85
 0.39265537  0.          2.19774299  0.         0.8525
-0.39622078  0.          4.09649106  0.         0.855
 0.39969982  0.          2.17581     0.         0.8575
-0.40309561  0.          4.1181014   0.         0.86
 0.40641083  0.          2.15451118  0.         0.8625
-0.40964817  0.          4.13909858  0.         0.865
 0.41281016  0.          2.1338061   0.         0.8675
-0.4158993   0.          4.15952117  0.         0.87
 0.41891778  0.          2.11365739  0.         0.8725
-0.42186775  0.          4.1794039   0.         0.875
 0.42475138  0.          2.0940325   0.         0.8775
-0.42757054  0.          4.1987781   0.         0.88
 0.43032716  0.          2.07490202  0.         0.8825
-0.43302313  0.          4.21767224  0.         0.885
 0.43566002  0.          2.05623796  0.         0.8875
-0.43823957  0.          4.2361119   0.         0.89
 0.44076334  0.          2.03801653  0.         0.8925
-0.44323276  0.          4.2541205   0.         0.895
 0.4456494   0.          2.02021564  0.         0.8975
-0.44801465  0.          4.27171956  0.         0.9
 0.45032978  0.          2.00281346  0.         0.9025
-0.45259599  0.          4.28892854  0.         0.905
 0.45481467  0.          1.9857929   0.         0.9075
-0.45698707  0.          4.30576657  0.         0.91
 0.45911446  0.          1.96913093  0.         0.9125
-0.46120094  0.          4.32229728  0.         0.915
 0.46328093  0.          1.95222708  0.         0.9175
-0.46557786  0.          4.34347857  0.         0.92
 0.46143582  0.          2.00544387  0.         0.9225
-0.47233066  0.          4.46120198  0.         0.925
 0.45229323  0.          2.09680444  0.         0.9275
-0.47465921  0.          4.50468141  0.         0.93
 0.44882452  0.          2.13382133  0.         0.9325
-0.4763428   0.          4.53899488  0.         0.935
 0.445824  0.        2.164197  0.       0.9375
-0.47766886  0.          4.56819505  0.         0.94
 0.4431123   0.          2.19046654  0.         0.9425
-0.47875927  0.          4.59400403  0.         0.945
