0.999811352503 0.2
0.999811352503 0.21
0.999811352503 0.22
0.999811352503 0.23
0.999811352503 0.24
0.999811352503 0.25
0.999811352503 0.26
0.999811352503 0.27
0.999811352503 0.28
0.999811352503 0.29
0.999811352503 0.3
0.999811352503 0.31
0.999811352503 0.32
0.999811352503 0.33
0.999811352503 0.34
0.999811352503 0.35
0.999811352503 0.36
0.999811352503 0.37
0.999811352503 0.38
0.999811352503 0.39
0.999811352503 0.4
0.999811352503 0.41
0.999811352503 0.42
0.999811352503 0.43
0.999811352503 0.44
0.999811352503 0.45
0.999811352503 0.46
0.999811352503 0.47
0.999811352503 0.48
0.999811352503 0.49
0.999811352503 0.5
0.999811352503 0.51
0.999811352503 0.52
0.999811352503 0.53
0.999811352503 0.54
0.999811352503 0.55
0.999811352503 0.56
0.999811352503 0.57
0.999811352503 0.58
0.999811352503 0.59
0.999811352503 0.6
0.999811352503 0.61
0.999811352503 0.62
0.999811352503 0.63
0.999811352503 0.64
0.999811352503 0.65
0.999811352503 0.66
0.999811352503 0.67
0.999811352503 0.68
0.999811352503 0.69
0.999811352503 0.7
0.999811352503 0.71
0.999811352503 0.72
0.999811352503 0.73
0.999811352503 0.74
0.999811352503 0.75
0.999811352503 0.76
0.999811352503 0.77
0.999811352503 0.78
0.999811352503 0.79
